2.204839114690606509e-04
2.297854004046387356e-04
2.400215604486659218e-04
2.512869077349594977e-04
2.636568923576342082e-04
2.771861846911692715e-04
2.919070760643923562e-04
3.078280069263194434e-04
3.249322349918174532e-04
3.431766551201668233e-04
3.624907818605372853e-04
3.827759047033250797e-04
4.039044251051490675e-04
4.257193833190212398e-04
4.480341819604978168e-04
4.706325120867145204e-04
4.932684863588705435e-04
5.156669826145573402e-04
5.375241998935794980e-04
5.585084276538503610e-04
5.782610275861838241e-04
5.963976260993885097e-04
6.125095142039638186e-04
6.261652501887159149e-04
6.369124591599326264e-04
6.442798222136094689e-04
6.477792467380579563e-04
6.469082081135505563e-04
6.411522518852843079e-04
6.299876443547471148e-04
6.128841584583862327e-04
5.893079807994853168e-04
5.587247247655543472e-04
5.206025338151820539e-04
4.744152582524300784e-04
4.196456881362794697e-04
3.557888243955641865e-04
2.823551697473073861e-04
1.988740206433785339e-04
1.048967412113873315e-04
-4.575200174816084936e-17
-1.162110496985986055e-04
-2.440996651068929907e-04
-3.839945037700704961e-04
-5.361867265869833072e-04
-7.009272323224996232e-04
-8.784240413421171663e-04
-1.068839845674762886e-03
-1.272289741778347746e-03
-1.488839161541391206e-03
-1.718502016121682555e-03
-1.961239066192737093e-03
-2.216956531055058396e-03
-2.485504947869178905e-03
-2.766678291000038582e-03
-3.060213360116161713e-03
-3.365789444291684279e-03
-3.683028267899695566e-03
-4.011494222593645770e-03
-4.350694888128914598e-03
-4.700081843224554468e-03
-5.059051766073074073e-03
-5.426947822524710342e-03
-5.803061338370262348e-03
-6.186633750574542165e-03
-6.576858830735492212e-03
-6.972885172516023883e-03
-7.373818933284002897e-03
-7.778726818745311695e-03
-8.186639297944862254e-03
-8.596554034672108241e-03
-9.007439520029289493e-03
-9.418238889733383107e-03
-9.827873908600045019e-03
-1.023524910365003655e-02
-1.063925602634567362e-02
-1.103877762365349478e-02
-1.143269269691309445e-02
-1.181988042689676929e-02
-1.219922494295837441e-02
-1.256961991381682492e-02
-1.292997313726548803e-02
-1.327921110599786930e-02
-1.361628352673527678e-02
-1.394016776998819283e-02
-1.424987322803146841e-02
-1.454444555906523641e-02
-1.482297079603010249e-02
-1.508457929917884736e-02
-1.532844953223675040e-02
-1.555381164284447455e-02
-1.575995082892895846e-02
-1.594621047372183492e-02
-1.611199503328935786e-02
-1.625677266170234489e-02
-1.638007756029463344e-02
-1.648151203887809196e-02
-1.656074827824905241e-02
-1.661752978486739918e-02
-1.665167253016777357e-02
9.831208803475340874e-01
-1.665167253016777357e-02
-1.661752978486739918e-02
-1.656074827824905241e-02
-1.648151203887809196e-02
-1.638007756029463344e-02
-1.625677266170234489e-02
-1.611199503328935786e-02
-1.594621047372183492e-02
-1.575995082892895499e-02
-1.555381164284447108e-02
-1.532844953223675040e-02
-1.508457929917884563e-02
-1.482297079603010249e-02
-1.454444555906523294e-02
-1.424987322803146494e-02
-1.394016776998819110e-02
-1.361628352673527331e-02
-1.327921110599786757e-02
-1.292997313726548456e-02
-1.256961991381682318e-02
-1.219922494295837094e-02
-1.181988042689676409e-02
-1.143269269691309271e-02
-1.103877762365349131e-02
-1.063925602634567015e-02
-1.023524910365003655e-02
-9.827873908600043285e-03
-9.418238889733381372e-03
-9.007439520029289493e-03
-8.596554034672108241e-03
-8.186639297944857049e-03
-7.778726818745309093e-03
-7.373818933284002029e-03
-6.972885172516023015e-03
-6.576858830735492212e-03
-6.186633750574539563e-03
-5.803061338370259746e-03
-5.426947822524708608e-03
-5.059051766073072338e-03
-4.700081843224553600e-03
-4.350694888128911128e-03
-4.011494222593644902e-03
-3.683028267899694265e-03
-3.365789444291683846e-03
-3.060213360116160845e-03
-2.766678291000036847e-03
-2.485504947869177604e-03
-2.216956531055057529e-03
-1.961239066192736660e-03
-1.718502016121682121e-03
-1.488839161541389905e-03
-1.272289741778347312e-03
-1.068839845674762453e-03
-8.784240413421170578e-04
-7.009272323224994064e-04
-5.361867265869828736e-04
-3.839945037700702793e-04
-2.440996651068928823e-04
-1.162110496985985919e-04
-4.575200174816084936e-17
1.048967412113872502e-04
1.988740206433783984e-04
2.823551697473072235e-04
3.557888243955641865e-04
4.196456881362789276e-04
4.744152582524295905e-04
5.206025338151814034e-04
5.587247247655540219e-04
5.893079807994853168e-04
6.128841584583854737e-04
6.299876443547463558e-04
6.411522518852835490e-04
6.469082081135501226e-04
6.477792467380579563e-04
6.442798222136086016e-04
6.369124591599317591e-04
6.261652501887154812e-04
6.125095142039634934e-04
5.963976260993885097e-04
5.782610275861830651e-04
5.585084276538497105e-04
5.375241998935791727e-04
5.156669826145569065e-04
4.932684863588705435e-04
4.706325120867137072e-04
4.480341819604970036e-04
4.257193833190208603e-04
4.039044251051488506e-04
3.827759047033250797e-04
3.624907818605369058e-04
3.431766551201662270e-04
3.249322349918172905e-04
3.078280069263192808e-04
2.919070760643923562e-04
2.771861846911689463e-04
2.636568923576340455e-04
2.512869077349593350e-04
2.400215604486659218e-04
2.297854004046387356e-04
2.204839114690606509e-04
