1.272270275640155436e-04
2.381332269389246480e-04
2.536453901797883150e-04
1.637677398870278041e-04
-6.786357809344214569e-19
-1.745975051466732656e-04
-2.881025552477194259e-04
-2.877840052277492989e-04
-1.632719412588281931e-04
4.483055367967091453e-05
2.561799121535421396e-04
3.798147748118580846e-04
3.515264410351709033e-04
1.648565705666328487e-04
-1.184857409729269924e-04
-3.863384254311889887e-04
-5.183703446961727404e-04
-4.379730072335053827e-04
-1.522043948521731695e-04
2.397461328331108215e-04
5.779456867534876925e-04
7.046544084457356544e-04
5.350610037333968167e-04
1.051107511714101367e-04
-4.282914395331383160e-04
-8.413331034861380514e-04
-9.345940598394511739e-04
-6.254334269568012942e-04
5.875825411292550221e-18
7.037744538872846376e-04
1.183355607555914950e-03
1.198599264851656293e-03
6.864638914333846863e-04
-1.895125117649278774e-04
-1.084986638250752186e-03
-1.606638626527167463e-03
-1.481177571309190031e-03
-6.903448133955779591e-04
4.921560432037900418e-04
1.589247696232961487e-03
2.109064608352770407e-03
1.760666164434784723e-03
6.040765150606970495e-04
-9.388480979021604934e-04
-2.232188587720510247e-03
-2.683541848923893212e-03
-2.008953824725549526e-03
-3.890847828646585606e-04
1.563168638256428157e-03
3.028164529665710453e-03
3.318080536603977993e-03
2.190947656070230641e-03
-4.616495828712905706e-18
-2.402996063069077863e-03
-3.991670170472328208e-03
-3.996181030084622852e-03
-2.263323295892808763e-03
6.182487254088219397e-04
3.504262506030086065e-03
5.140423433227279439e-03
4.697518765909091711e-03
2.171655854529516358e-03
-1.536684877416078128e-03
-4.928731742024702531e-03
-6.501464331254918662e-03
-5.398890258736407238e-03
-1.844027754242956538e-03
2.855454905161322089e-03
6.769988107128051442e-03
8.123307980487487825e-03
6.075366788975964001e-03
1.176678235230433018e-03
-4.732476440217848503e-03
-9.187938890067645983e-03
-1.010184973970301714e-02
-6.701587818622095627e-03
7.103274834010306960e-18
7.450870642935409835e-03
1.249078698244583674e-02
1.264240807599104413e-02
7.253115969274582554e-03
-2.011254331121052532e-03
-1.160012678724980754e-02
-1.736151664233035602e-02
-1.623634524158762762e-02
-7.707770276868656546e-03
5.622709021198171730e-03
1.867640172828218675e-02
2.564942421663912384e-02
2.231614741694776943e-02
8.046854799957476115e-03
-1.327733329121397708e-02
-3.393422437379382123e-02
-4.455042248887015194e-02
-3.717920284436118661e-02
-8.256205520974032111e-03
3.961423279123026109e-02
9.775207023379975380e-02
1.534754027113892916e-01
1.935833178216352368e-01
2.081747370485290127e-01
1.935833178216352368e-01
1.534754027113892916e-01
9.775207023379975380e-02
3.961423279123025415e-02
-8.256205520974032111e-03
-3.717920284436118661e-02
-4.455042248887015194e-02
-3.393422437379381429e-02
-1.327733329121397535e-02
8.046854799957474380e-03
2.231614741694776943e-02
2.564942421663912037e-02
1.867640172828218675e-02
5.622709021198170863e-03
-7.707770276868654812e-03
-1.623634524158762416e-02
-1.736151664233034908e-02
-1.160012678724980581e-02
-2.011254331121052098e-03
7.253115969274581687e-03
1.264240807599104066e-02
1.249078698244583153e-02
7.450870642935408968e-03
7.103274834010305419e-18
-6.701587818622093892e-03
-1.010184973970301714e-02
-9.187938890067644249e-03
-4.732476440217847635e-03
1.176678235230433018e-03
6.075366788975964001e-03
8.123307980487482621e-03
6.769988107128048840e-03
2.855454905161322089e-03
-1.844027754242956322e-03
-5.398890258736407238e-03
-6.501464331254915192e-03
-4.928731742024700796e-03
-1.536684877416077694e-03
2.171655854529515491e-03
4.697518765909090843e-03
5.140423433227275969e-03
3.504262506030085197e-03
6.182487254088217228e-04
-2.263323295892808330e-03
-3.996181030084622852e-03
-3.991670170472324738e-03
-2.402996063069076562e-03
-4.616495828712904166e-18
2.190947656070230207e-03
3.318080536603977126e-03
3.028164529665707851e-03
1.563168638256427507e-03
-3.890847828646583980e-04
-2.008953824725549092e-03
-2.683541848923892345e-03
-2.232188587720508512e-03
-9.388480979021598428e-04
6.040765150606967242e-04
1.760666164434784506e-03
2.109064608352770407e-03
1.589247696232959969e-03
4.921560432037896081e-04
-6.903448133955776339e-04
-1.481177571309190031e-03
-1.606638626527165294e-03
-1.084986638250751102e-03
-1.895125117649276334e-04
6.864638914333842526e-04
1.198599264851656293e-03
1.183355607555913432e-03
7.037744538872837703e-04
5.875825411292543287e-18
-6.254334269568008605e-04
-9.345940598394511739e-04
-8.413331034861369672e-04
-4.282914395331377196e-04
1.051107511714100825e-04
5.350610037333965998e-04
7.046544084457356544e-04
5.779456867534869336e-04
2.397461328331105504e-04
-1.522043948521730611e-04
-4.379730072335050574e-04
-5.183703446961727404e-04
-3.863384254311883381e-04
-1.184857409729267891e-04
1.648565705666326861e-04
3.515264410351707407e-04
3.798147748118580846e-04
2.561799121535418685e-04
4.483055367967083999e-05
-1.632719412588280847e-04
-2.877840052277491362e-04
-2.881025552477194259e-04
-1.745975051466730488e-04
-6.786357809344209754e-19
1.637677398870276957e-04
2.536453901797883150e-04
2.381332269389246480e-04
1.272270275640155436e-04
